C B A  SW9 SW8  F1 F2 F3 F
0 0 0  0   0    0  X  X  0
0 0 1  0   0    1  X  X  1
0 1 0  0   0    1  X  X  1
0 1 1  0   0    1  X  X  1
1 0 0  0   0    1  X  X  1
1 0 1  0   0    1  X  X  1
1 1 0  0   0    1  X  X  1
1 1 1  0   0    1  X  X  1

0 0 0  0   1    X  0  X  0
0 0 1  0   1    X  0  X  0
0 1 0  0   1    X  1  X  1
0 1 1  0   1    X  1  X  1
1 0 0  0   1    X  1  X  1
1 0 1  0   1    X  1  X  1
1 1 0  0   1    X  0  X  0
1 1 1  0   1    X  0  X  0

0 0 0  1   0    X  X  0  0
0 0 1  1   0    X  X  0  0
0 1 0  1   0    X  X  1  1
0 1 1  1   0    X  X  0  0
1 0 0  1   0    X  X  1  1
1 0 1  1   0    X  X  0  0
1 1 0  1   0    X  X  1  1
1 1 1  1   0    X  X  0  0

X X X  1   1    X  X  X  X